((("10px" .
   [1 0 0 0])
  ("0" .
   [1])
  ("export" .
   [1 0 0 0 0 0])
  ("elif" .
   [1 0 0 0])
  ("hasattr" .
   [1 0 0 0 0 0 0])
  ("obj" .
   [2 0 0])
  ("return" .
   [1 0 0 0 0 0])
  ("pk" .
   [2 0])
  ("window" .
   [1 0 0 0 0 0])
  ("my_coll" .
   [2 0 0 0 0 0 0])
  ("PascalAPI" .
   [1 0 0 0 0 0 0 0 0])
  ("Widget" .
   [1 0 0 0 0 0])
  ("Backbone" .
   [1 0 0 0 1 0 0 0])
  ("extend" .
   [1 0 0 0 0 0])
  ("options" .
   [13 0 0 0 0 0 0])
  ("null" .
   [1 0 0 0])
  ("baseurl" .
   [5 0 0 0 0 1 0])
  ("tojson" .
   [2 0 0 0 0 0])
  ("startts" .
   [1 0 0 0 0 0 0])
  ("endts" .
   [1 0 0 0 0])
  ("sortfields" .
   [1 0 0 0 0 1 0 0 0 0])
  ("params" .
   [6 0 0 0 0 0])
  ("provider" .
   [2 0 0 0 0 0 0 0])
  ("if" .
   [4 0])
  ("in" .
   [1 0])
  ("each" .
   [1 0 0 0])
  ("this" .
   [8 0 0 0])
  ("function" .
   [3 0 0 0 0 0 0 0])
  ("key" .
   [7 0 0])
  ("value" .
   [3 0 0 0 0])
  ("join" .
   [1 0 0 0])
  ("case" .
   [2 0 0 0])
  ("isDate" .
   [1 0 0 0 0 0])
  ("val" .
   [1 0 0])
  ("Collection" .
   [0 0 0 0 1 0 0 0 0 0])
  ("initialize" .
   [0 0 0 0 0 1 0 0 0 0])
  ("models" .
   [1 0 0 0 0 0])))
